gamma=[[103/10	0	0	0	0	0];...
    [-(20/13)	391/29	0	0	0	0];...
    [-(247/45)	2/11	251/18	0	0	0];...
    [35/13	-(59/11)	-(1/21)	61/6	0	0];...
    [33/5	-(76/9)	-(34/13)	99/19	96/11	0];...
    [7/5	11/4	-(457299785479032125743327649831714779725550962896016121741008898958477379/131771417496580643381721583110076817724351142769015932199114451082005992)	-(4314174858478137720675245918291137028697699779916901033240898036320308441/756599622439158089746698100824342167703005187877042028286124183410419020)	3202139793846949701417156308623075147011509104683117422667191047316645153/1449485592462387077198937414210844994967862570459175254190258961902065912	2269756166865091539118853778362001766497578866942350272516124589089704352/189149905609789522436674525206085541925751296969260507071531045852604755]];